160
55
136
131
227
166
131
229
203
40
205
111
74
89
197
162
243
152
37
196
84
20
51
11
155
143
130
79
84
65
31
175
204
61
73
166
213
84
91
52
199
16
99
163
6
19
125
179
207
197
240
37
194
64
108
179
152
0
211
234
34
124
197
148
102
68
192
71
120
163
240
135
117
122
75
235
149
215
5
18
74
140
47
239
64
158
77
39
110
206
179
115
21
182
90
139
194
216
80
88
149
83
66
162
192
221
10
39
44
67
137
125
60
6
219
89
229
218
69
48
246
164
132
246
233
27
8
56
138
7
59
178
190
114
173
216
163
65
210
248
175
93
253
228
216
163
226
37
137
128
170
117
210
4
134
139
155
183
90
91
202
55
220
236
120
233
172
184
253
249
198
93
169
37
60
147
212
41
230
186
216
34
107
252
224
51
245
39
46
133
243
113
245
10
20
50
214
39
11
13
64
228
34
200
213
53
84
41
35
146
21
214
75
228
43
185
83
83
44
207
67
95
205
239
4
39
50
175
203
107
195
173
144
41
185
237
154
84
229
50
247
123
193
223
1
77
147
84
152
194
77
47
64
49
245
147
12
199
106
164
55
144
44
26
190
26
157
180
191
96
121
177
23
202
9
251
47
7
212
72
128
125
104
172
148
225
20
173
40
201
70
238
118
159
87
194
241
77
81
224
2
186
233
221
242
86
210
86
61
78
35
24
182
30
246
239
227
79
109
20
133
161
7
158
202
209
68
96
176
45
254
128
114
96
219
67
24
179
237
103
151
197
160
64
111
25
100
146
9
185
136
161
27
239
84
108
112
226
208
65
47
88
3
122
163
48
38
159
15
155
25
154
173
220
71
203
119
71
43
123
184
94
121
164
6
74
163
107
74
56
195
215
213
214
74
178
136
180
177
255
122
6
31
248
155
232
160
237
118
120
0
179
214
55
200
73
103
113
174
201
31
22
211
25
170
190
154
76
59
22
186
174
140
92
246
151
3
95
114
93
155
66
86
0
111
168
202
83
138
143
162
116
176
24
254
96
75
60
174
187
132
230
222
201
179
47
191
30
52
111
195
155
211
7
132
79
121
14
97
218
72
170
80
29
81
111
86
123
179
197
12
148
173
123
156
147
192
181
149
23
233
198
226
190
207
235
26
206
153
86
144
56
220
247
37
148
94
223
109
23
212
139
205
197
211
232
207
84
2
245
176
80
51
195
254
54
134
27
86
215
130
181
204
162
189
164
219
124
118
152
95
42
82
112
224
200
141
170
223
21
251
126
117
95
230
227
22
171
64
72
208
238
226
6
230
92
99
99
118
223
115
175
48
31
92
81
232
79
190
29
111
69
28
82
113
101
93
169
50
125
52
128
138
213
9
145
214
239
23
31
70
216
81
227
150
22
230
156
176
87
107
79
47
69
105
66
47
117
187
216
117
143
118
161
215
118
53
31
216
97
88
149
109
119
71
215
227
238
62
245
143
59
114
16
146
162
163
199
238
142
78
81
76
196
36
188
109
66
106
68
32
54
218
37
187
175
220
153
200
155
58
131
152
165
242
165
255
118
20
232
74
144
148
233
95
130
205
197
198
215
199
105
114
130
11
197
92
69
143
84
187
66
95
206
158
165
241
29
5
152
164
11
108
144
170
247
233
140
211
177
7
31
1
11
34
100
246
118
200
178
222
66
32
59
13
244
255
241
61
224
43
124
24
102
37
83
146
254
17
112
34
77
95
10
172
43
202
48
231
129
71
249
22
108
85
117
34
167
113
244
141
245
235
119
126
76
198
36
46
226
235
240
229
102
146
174
80
234
40
55
245
108
92
110
122
13
211
62
29
23
166
16
38
125
104
32
96
181
42
129
37
98
188
134
32
255
209
58
183
36
237
155
106
248
70
167
49
223
109
94
151
122
69
20
69
224
69
93
143
79
39
80
223
133
183
69
97
35
15
1
195
158
162
142
123
207
30
91
133
189
131
123
180
58
62
176
155
168
101
9
210
62
103
174
139
56
227
25
33
170
28
89
49
121
71
206
235
49
13
85
185
141
11
128
172
186
77
99
52
100
180
115
129
93
255
133
165
33
252
27
33
150
228
116
48
29
79
21
57
175
168
93
213
76
22
243
81
240
228
37
161
19
172
78
16
151
232
63
82
43
110
23
183
223
153
51
156
118
206
31
42
117
182
198
168
192
154
234
84
21
142
78
170
212
160
30
11
237
83
187
147
249
223
165
173
48
203
61
159
198
139
174
193
242
178
90
11
239
157
28
75
125
228
31
120
138
60
5
237
4
201
114
139
116
56
34
141
125
3
206
249
24
164
129
146
249
165
132
218
145
120
248
204
130
128
194
37
13
230
164
59
5
57
174
233
193
40
167
178
60
23
198
180
28
57
102
136
5
157
214
139
62
86
134
124
120
11
232
196
29
88
250
84
48
111
26
7
147
98
47
84
224
103
87
123
152
53
16
231
225
233
182
86
176
230
22
253
245
91
1
110
150
61
20
154
48
194
98
23
235
131
17
84
0
126
119
29
210
18
204
183
87
214
57
121
208
89
70
45
254
156
145
252
254
176
126
189
198
125
185
107
151
158
95
164
10
220
114
210
224
103
237
100
14
33
196
90
81
39
49
59
27
206
201
177
126
231
154
159
118
22
155
201
146
122
175
226
242
227
74
174
70
88
220
0
18
112
124
131
173
167
102
5
2
20
134
126
235
28
172
23
157
238
105
222
199
186
97
22
82
221
141
212
248
66
144
178
194
39
98
125
32
190
1
108
12
71
121
50
11
35
222
135
102
23
5
255
112
187
135
197
156
124
28
164
73
213
63
234
197
4
30
185
75
190
36
23
10
83
30
235
213
2
16
130
180
5
140
67
51
30
34
164
217
237
163
58
28
51
248
186
200
100
59
14
68
186
107
241
61
150
45
118
196
72
30
118
66
239
210
121
27
230
70
137
113
229
137
203
118
145
99
124
145
98
16
88
69
206
173
167
116
106
180
132
224
219
93
167
119
5
108
109
243
98
10
79
162
167
153
161
177
242
59
241
96
233
250
214
222
9
183
12
84
191
46
148
75
96
212
247
255
145
187
80
121
150
184
188
201
238
232
132
16
151
229
210
171
95
53
248
74
173
20
98
31
118
43
100
50
115
114
78
223
113
186
142
205
160
62
112
95
16
209
3
148
126
26
126
172
243
228
68
241
7
68
196
227
148
32
95
72
152
191
17
9
141
140
218
188
163
51
186
88
32
128
182
47
68
7
173
86
45
174
179
248
203
252
24
15
17
10
169
49
224
6
27
51
30
108
16
105
166
8
118
132
127
72
214
115
163
110
71
55
12
26
65
166
26
192
30
243
181
191
87
33
17
219
115
169
29
14
171
36
12
184
91
136
77
138
171
9
77
208
238
116
12
70
197
11
123
238
0
61
140
22
171
203
46
88
107
235
125
5
87
105
192
51
121
140
188
171
99
24
144
51
214
124
41
20
135
187
94
162
224
132
125
245
110
96
204
58
121
93
152
253
130
37
90
44
159
49
79
73
194
192
125
66
158
81
149
200
0
239
143
36
186
72
230
76
43
211
49
221
65
96
188
36
146
224
53
71
79
203
78
109
45
172
249
165
8
194
112
208
103
124
35
91
55
23
89
88
96
130
229
158
152
239
17
169
8
143
105
174
226
241
179
147
4
133
35
8
20
153
52
124
148
191
149
247
242
16
54
215
83
19
216
87
191
66
175
12
16
73
75
198
95
111
191
30
67
169
163
95
58
80
232
177
252
84
1
139
111
17
210
47
164
126
80
129
224
27
210
121
70
44
231
195
154
192
78
131
158
14
109
102
243
50
28
172
246
86
254
208
149
27
141
112
77
7
25
195
13
7
51
148
236
121
145
242
223
140
190
167
29
17
71
142
121
89
62
190
185
230
160
233
62
212
159
189
59
212
174
211
207
229
191
195
81
54
215
241
132
116
241
170
3
27
229
15
14
206
116
28
161
39
135
94
241
104
87
147
149
20
91
188
230
163
111
229
146
222
127
8
232
135
65
61
2
102
77
75
181
237
224
147
95
248
128
208
177
72
61
97
106
8
87
122
95
29
71
165
123
234
185
228
33
158
96
220
12
80
94
52
5
75
69
32
86
152
145
40
70
1
157
225
18
171
76
166
120
190
128
68
232
115
128
110
255
9
194
189
143
36
218
109
3
165
104
87
39
238
201
13
94
42
197
241
81
130
68
96
66
141
198
81
247
17
104
74
2
101
140
81
118
48
118
190
98
142
135
200
163
172
10
231
127
127
218
76
140
81
223
178
114
88
164
209
86
22
96
44
191
167
110
173
147
197
115
220
30
211
47
153
136
217
95
255
113
61
201
221
2
232
26
3
164
152
253
173
80
13
127
172
162
99
108
193
42
136
240
1
18
163
94
123
175
66
133
10
2
194
123
81
39
127
59
251
124
94
20
125
183
65
37
195
189
157
239
222
218
9
19
205
18
72
150
185
53
85
104
216
206
22
195
198
210
49
239
73
65
137
194
179
251
246
146
101
9
6
253
250
242
12
137
247
135
188
248
147
228
177
176
86
34
239
140
184
5
221
50
142
144
36
97
187
149
207
68
158
155
247
79
185
194
255
176
249
239
85
34
246
28
37
18
211
71
118
214
15
167
214
85
214
78
87
246
127
126
236
31
128
74
110
43
0
185
18
245
213
118
16
145
2
108
151
199
137
238
120
208
8
178
42
97
145
29
144
81
70
75
1
198
104
126
19
152
142
115
233
68
111
11
198
73
58
158
173
61
94
21
34
195
218
82
116
69
112
174
114
7
68
95
211
139
35
236
227
160
1
64
238
37
204
136
231
142
220
38
186
34
60
236
99
252
181
79
195
13
168
107
204
25
138
7
74
133
149
115
153
58
193
153
88
219
137
53
117
193
156
67
107
212
245
137
107
78
38
64
161
205
131
0
162
35
238
10
48
66
195
176
161
112
188
205
91
113
247
43
246
216
205
81
223
211
242
10
96
121
107
101
39
220
22
219
247
198
158
183
221
121
216
108
68
67
31
169
163
249
144
101
91
6
84
55
119
159
212
235
71
177
31
245
101
187
46
132
38
136
147
204
161
82
29
48
140
205
251
234
73
8
200
151
226
118
80
210
94
84
203
32
146
197
84
252
201
116
48
177
41
23
250
160
207
207
8
208
122
172
251
125
96
199
194
176
211
206
224
23
250
40
146
246
199
178
106
179
218
235
87
185
158
212
59
52
175
112
75
186
177
135
189
141
182
1
176
209
132
43
250
113
58
69
235
156
241
91
236
182
231
206
12
161
142
10
228
242
53
158
108
51
68
20
116
229
195
241
224
40
236
112
36
97
158
167
206
184
216
159
4
149
150
182
255
137
199
28
230
191
129
249
70
77
94
228
113
32
152
122
198
70
16
16
212
184
87
137
204
49
142
137
143
88
240
68
134
124
22
89
24
253
187
245
97
254
10
81
27
24
91
79
243
65
117
219
109
148
58
229
104
87
174
38
74
14
16
214
217
239
202
251
233
72
49
50
194
58
13
132
28
36
59
57
80
104
148
30
225
193
169
147
248
89
216
102
172
74
227
13
136
60
4
35
85
91
127
71
242
134
142
135
85
230
212
98
44
158
62
101
30
205
208
243
116
184
58
20
60
22
239
179
91
132
84
133
56
213
128
255
70
202
105
104
215
137
3
13
254
82
19
28
115
102
158
181
13
232
1
134
231
48
131
107
240
33
62
108
168
182
116
224
96
156
38
53
60
187
207
12
35
197
247
126
101
26
35
118
213
172
227
184
173
245
226
101
103
239
72
106
164
199
101
116
54
33
109
37
191
40
89
119
206
212
253
67
84
187
15
105
248
250
134
6
123
127
21
233
76
67
176
163
173
238
115
96
238
100
238
226
135
150
165
133
131
143
230
219
86
99
149
157
206
145
83
250
205
210
110
212
135
88
190
65
131
167
29
115
161
208
74
93
168
203
21
218
212
233
18
218
148
174
168
33
146
29
162
155
28
219
222
228
65
1
162
186
113
69
89
136
162
194
10
172
18
221
233
40
118
49
122
14
232
177
233
71
181
179
254
214
45
114
196
104
157
55
73
78
146
15
162
163
90
34
17
186
140
68
208
170
144
202
98
189
14
116
183
95
162
77
12
183
241
211
78
51
233
150
245
64
43
55
40
117
153
254
154
181
121
33
66
147
195
37
52
182
182
36
38
74
208
229
76
49
190
3
79
24
57
243
31
255
202
105
48
71
53
82
224
215
125
201
247
122
253
58
164
170
92
196
58
250
29
49
60
187
155
91
133
239
221
118
110
20
0
150
242
89
230
65
123
182
194
70
155
5
34
167
142
146
232
113
78
255
125
196
68
231
186
222
225
87
178
22
228
162
112
12
204
163
60
202
22
156
137
233
247
63
76
6
225
161
119
14
234
78
42
153
40
161
153
91
28
173
72
166
60
116
10
53
254
107
148
199
210
162
114
238
124
231
242
102
5
4
166
176
150
178
2
68
9
211
214
211
125
191
172
207
44
233
218
69
245
82
126
78
208
192
232
167
215
186
121
208
156
81
195
182
130
63
32
187
184
89
64
200
246
27
225
222
48
151
250
39
175
175
54
172
128
140
27
209
61
107
128
121
198
226
215
185
29
112
139
75
124
221
107
255
206
79
100
27
113
239
214
63
25
70
216
165
83
43
231
48
17
43
20
83
180
166
169
250
94
126
67
11
47
41
120
244
50
6
97
170
130
45
41
213
63
217
6
71
145
168
14
45
16
158
82
16
189
97
138
14
152
211
40
170
35
28
78
43
83
37
153
224
115
74
69
218
204
233
53
205
194
28
78
102
167
83
25
189
243
130
21
185
30
20
206
24
143
219
188
75
221
170
176
99
170
235
65
216
251
3
123
115
171
92
252
86
197
255
142
216
77
68
120
114
247
217
202
4
116
67
85
109
151
198
222
190
54
55
132
172
36
72
58
155
130
151
245
56
47
64
249
87
132
186
219
140
185
136
131
25
58
178
65
72
82
115
129
249
29
14
17
59
175
117
22
110
222
68
151
162
158
11
150
247
94
80
253
7
167
156
72
102
3
59
219
157
71
3
26
131
241
241
152
190
20
50
83
143
6
72
2
21
225
28
85
98
209
99
118
37
149
153
185
198
51
148
11
232
199
83
182
85
37
121
253
228
176
16
163
37
30
95
158
53
104
101
179
33
185
217
56
106
190
196
124
16
64
30
48
169
252
53
208
13
75
194
50
188
231
16
120
252
62
55
43
238
140
176
53
58
204
78
132
205
81
207
109
84
2
45
53
127
86
28
59
190
125
200
176
103
115
226
25
140
21
208
204
250
187
184
135
160
30
247
12
23
147
32
184
243
211
126
125
117
229
183
119
28
159
61
182
137
176
18
78
143
8
65
181
144
229
230
51
8
93
246
164
16
94
26
86
218
144
104
182
62
246
125
145
31
89
174
249
219
146
177
107
149
196
22
108
40
46
157
209
117
184
14
53
70
73
193
167
92
180
5
119
48
15
113
18
131
0
251
193
92
69
162
30
55
170
166
243
104
216
48
177
100
85
210
49
235
90
42
190
202
4
49
196
59
111
240
50
205
151
24
239
138
174
149
139
123
67
156
145
169
89
99
171
206
200
217
48
6
219
51
3
211
194
67
159
247
139
211
76
23
231
20
51
255
178
226
252
113
181
236
193
148
183
116
101
252
83
218
40
48
10
7
148
217
22
4
46
108
163
128
63
210
114
80
100
139
135
50
162
116
63
177
15
187
106
239
228
90
39
164
112
232
79
11
206
224
185
222
4
163
148
187
74
45
21
160
37
101
115
247
251
118
239
196
244
230
53
197
219
139
42
5
90
176
28
55
159
151
34
119
132
99
26
180
161
29
200
126
1
65
67
4
16
152
176
65
1
37
118
105
220
220
130
21
183
10
79
102
228
207
204
14
116
143
106
93
13
22
69
200
100
11
179
115
124
252
232
172
168
228
45
28
161
156
253
204
140
150
13
96
168
161
46
190
247
173
57
228
85
102
248
139
227
109
22
78
124
24
157
47
197
185
34
69
187
185
213
16
170
125
153
236
41
245
29
54
20
215
186
219
172
196
66
119
163
65
31
120
22
25
98
190
143
124
207
137
16
35
33
160
34
179
9
32
144
151
165
239
131
42
35
125
181
1
51
218
19
29
154
147
113
58
172
26
214
113
76
96
196
178
222
209
180
70
127
227
225
205
5
172
88
194
115
150
126
100
37
63
144
81
207
63
232
8
71
71
91
221
190
100
35
52
215
60
119
227
191
198
236
34
227
242
134
176
76
27
9
189
154
57
140
113
32
155
141
175
68
116
100
90
66
247
222
10
165
100
202
170
225
124
37
194
139
146
82
248
165
2
115
174
59
59
14
5
245
162
67
164
17
89
157
67
109
181
77
161
175
211
177
56
9
46
143
254
235
151
209
69
173
179
75
227
106
79
216
222
35
248
230
97
112
161
24
57
104
46
72
136
250
28
70
136
140
176
228
15
140
154
38
98
49
113
174
2
238
129
145
93
168
124
64
19
227
198
106
87
101
80
116
229
169
21
176
29
195
0
46
142
212
8
107
164
35
206
64
228
44
232
101
28
184
189
210
128
93
179
139
184
86
117
113
112
43
134
69
236
120
69
196
182
238
126
0
2
34
187
59
158
128
10
36
73
54
150
25
247
58
106
178
0
27
249
83
63
245
6
180
62
45
220
238
14
83
241
208
184
163
145
41
130
4
193
7
155
75
240
158
33
80
247
155
227
219
194
250
56
96
149
7
21
122
202
164
72
106
63
178
227
147
39
169
15
129
182
58
134
191
242
88
244
208
249
6
1
19
253
142
98
38
67
180
169
204
199
227
86
227
65
207
96
131
6
212
16
63
178
82
161
188
254
118
5
63
54
185
13
170
174
150
208
16
60
48
12
39
148
215
157
13
131
209
7
155
238
24
1
92
234
80
63
213
152
5
237
111
31
168
59
41
146
230
115
254
48
146
213
36
31
189
58
170
139
134
202
58
142
106
136
153
9
227
1
167
19
226
198
38
54
109
159
206
110
189
154
212
118
225
77
133
37
149
235
149
143
30
115
187
189
240
8
106
91
174
59
224
121
17
48
69
5
45
38
82
66
217
135
177
240
181
83
201
117
46
32
33
158
140
194
19
156
116
70
250
44
208
88
31
0
202
65
239
232
226
49
30
232
45